[
  {
    "BROKER_TYPE": 1,
    "opcije": "[4, 3, 1, 0, True]",
    "READY_COUNT": 10,
    "MAX_AVAILABLE_RESOURCES": 150,
    "CRITICAL_UTILISATION_PERCENT": 0.6,
    "RESOURCE_ADD_NUMBER": 1,
    "avg_utilization": 58.8,
    "avg_wait": 0.0,
    "USAGE_TIME": "[79.82818442712504, 190.0799623126671, 8.685607948268425, 144.9127059460467, 100.93616280306789, 72.76445640475697, 3.963663142465124, 25.56265250657832, 79.19685678688106, 133.42455543494785, 89.80758613520372, 73.76251649163741, 112.06768115232174, 113.52359196770492, 31.657731817826722, 67.87754201374351, 147.68672249083895, 112.66236470785925, 10.023865693166382, 4.396125201680542, 12.583184925865629, 95.7607827655033, 60.538552514037875, 51.61679034215686, 152.93888401747571, 4.420731494311298, 111.72355104845859, 173.84623203160035, 149.46800906550575, 82.45417534791973, 113.53528416897257, 58.25221776115849, 8.673844710130735, 71.43879409306199, 10.31402017858693, 92.54174693705473, 138.2795766825398, 85.55115664435571, 85.47436539794774, 94.28792156625143, 187.92579653831874, 104.64868249837087, 45.69405728963984, 126.37114343744608, 85.17798460814532, 7.370610902918703, 10.946382564161395, 137.7252658786045, 151.23701383131115, 7.394071036841163]",
    "SLA1_broke": 0,
    "SLA2_broke": 0,
    "SLA3_broke": 0,
    "SLA4_broke": 0
  },
  {
    "BROKER_TYPE": 1,
    "opcije": "[4, 3, 1, 0, True]",
    "READY_COUNT": 10,
    "MAX_AVAILABLE_RESOURCES": 150,
    "CRITICAL_UTILISATION_PERCENT": 0.6,
    "RESOURCE_ADD_NUMBER": 1,
    "avg_utilization": 60.2,
    "avg_wait": 0.0,
    "USAGE_TIME": "[79.82818442712504, 190.0799623126671, 8.685607948268425, 144.9127059460467, 100.93616280306789, 72.76445640475697, 3.963663142465124, 25.56265250657832, 79.19685678688106, 133.42455543494785, 89.80758613520372, 73.76251649163741, 112.06768115232174, 113.52359196770492, 31.657731817826722, 67.87754201374351, 147.68672249083895, 112.66236470785925, 10.023865693166382, 4.396125201680542, 12.583184925865629, 95.7607827655033, 60.538552514037875, 51.61679034215686, 152.93888401747571, 4.420731494311298, 111.72355104845859, 173.84623203160035, 149.46800906550575, 82.45417534791973, 113.53528416897257, 58.25221776115849, 8.673844710130735, 71.43879409306199, 10.31402017858693, 92.54174693705473, 138.2795766825398, 85.55115664435571, 85.47436539794774, 94.28792156625143, 187.92579653831874, 104.64868249837087, 45.69405728963984, 126.37114343744608, 85.17798460814532, 7.370610902918703, 10.946382564161395, 137.7252658786045, 151.23701383131115, 7.394071036841163]",
    "SLA1_broke": 0,
    "SLA2_broke": 0,
    "SLA3_broke": 0,
    "SLA4_broke": 0
  },
  {
    "BROKER_TYPE": 2,
    "opcije": "[4, 3, 2, 0, True]",
    "READY_COUNT": 10,
    "MAX_AVAILABLE_RESOURCES": 10,
    "CRITICAL_UTILISATION_PERCENT": 0.6,
    "RESOURCE_ADD_NUMBER": 1,
    "avg_utilization": 91.9,
    "avg_wait": 89.3,
    "USAGE_TIME": "[70.9022269743263, 53.56387936729528, 87.0778925700397, 40.12336174310671, 143.3706844189233, 165.47602265560184, 74.07283420934478, 67.76386892594356, 109.66184473743236, 73.38169134703612, 79.57647748471425, 76.57394828357894, 75.56645103700055, 30.775396459290594, 141.79707402282844, 47.10946367373842, 15.090004455990448, 108.21198809223769, 19.590623659056877, 80.39673929605352, 5.017214421785733, 8.822434855725893, 53.44024431670787, 0.6133346238739799, 108.37416067817828, 12.885998236957253, 68.99701143488939, 9.881497059398605, 3.322183927190484, 153.6296656341127, 6.792358448187665, 334.4668084576534, 61.417409921702564, 100.09390123343138, 113.44035091763007, 18.852949087442, 128.3655532007723, 90.90977070011411, 128.8037227045828, 94.88499366453154, 78.8876602808574, 207.7812263398166, 4.201921540026142, 3.5986624266615705, 51.721807119649206, 10.755745064730819, 44.93458918759429, 4.016894008324625, 13.138481510017176, 123.98956202184941, 106.0000377716969, 10.816957346701669, 212.28171473602873, 132.6889432522041, 119.31850980215862, 62.32442662923236, 207.94723071806627, 149.2889966116125, 42.26707467114825, 115.38912067963983, 76.29297579029127, 67.80214274029058, 76.21315360624911, 174.73513143825735, 5.824273179788061, 161.48119064088317, 80.26809800964789, 49.63997140140602, 10.49124541138858, 9.806596426846454, 67.49185448215225, 159.54885972535163, 6.678823142694972, 30.195226703171173, 128.49964257779257, 73.63372788766377, 4.7378869628033655, 4.5760737535507445, 8.03619835587328, 56.8391531998359, 98.57618522239365, 12.468452111490384, 30.26800866256727, 118.44665581785426, 10.207791748522206, 95.39755182799388, 120.38040123296143, 132.80810122485687, 67.80442686767864, 10.319700061654066, 91.51886461089869, 94.3229352948394, 40.32039175800563, 88.15708773069862, 7.380429565425262, 95.59318217930279, 89.72128751440331, 98.78874363518679, 382.33784098507516, 13.240564771461633, 252.76714100283775, 85.02676252875787, 205.18296495703163, 129.77466354084248, 193.32794670951168, 6.1399900788112, 149.57021592996472, 0.07002678353543171, 50.417223387727745, 115.86711758099158, 67.6638733123255, 4.67998640143348, 92.72878073499342, 71.26470034392305, 142.08087255849082, 132.1597851105144, 16.685172918227703, 139.7034589291836, 122.37200443217567, 102.47821049035868, 37.72577688859145, 100.4625462026318, 80.88995680470927, 80.73299812896191, 19.197580175344658, 103.03515648491604, 45.19577005404262, 16.019549086798698, 124.79670392722284, 107.2357956415626, 8.195543911906212, 10.259152698473647, 44.78913661363449, 85.70797280433825, 73.61082513987066, 147.9904794399475, 89.48552737496094, 144.79803292938323, 137.00800379515826, 105.47773432952776, 118.48816773858377, 110.7423068257751, 90.51773566024923, 96.22490500089083, 10.98815408197873, 66.77399313915457, 126.18683807115286, 3.909496448502794, 66.07753013663012, 4.9996403147403035, 96.00831488054028, 154.95845635658605, 73.0926401138512, 38.700354909263915, 8.602394685835005, 117.14178077248135, 158.34928455796174, 74.14412589543447, 135.4304638326816, 3.5308907256824393, 158.40189343015228, 175.54254247529326, 135.32886372990484, 59.65429301075569, 17.039385580330645, 10.387162717223584, 6.590936562684906, 12.27471525895651, 7.021068190269142, 119.60468899878785, 186.7691937894114, 6.326839526917244, 11.991352080848673, 91.9811539369186, 18.244054495747296, 6.139809860089198, 28.494513617942, 6.717739459622771, 105.80729008611075, 82.50408001138484, 7.074700207605768, 88.47456752539874, 192.69769619362162, 4.442179387866592, 5.246775514532454, 51.72735877499643, 41.634408984287845, 174.82191891160065, 177.59319830961434, 7.694497246742685, 55.08600038435296, 116.60847631352996, 4.818130358268453, 149.97475417853926, 5.764600265357076, 43.72004481891906, 6.459814440613996, 17.514872327170675, 24.569003915806345, 44.211264067233]",
    "SLA1_broke": 82,
    "SLA2_broke": 82,
    "SLA3_broke": 81,
    "SLA4_broke": 81
  },
  {
    "BROKER_TYPE": 2,
    "opcije": "[4, 3, 2, 0, True]",
    "READY_COUNT": 10,
    "MAX_AVAILABLE_RESOURCES": 10,
    "CRITICAL_UTILISATION_PERCENT": 0.6,
    "RESOURCE_ADD_NUMBER": 1,
    "avg_utilization": 94.4,
    "avg_wait": 132.8,
    "USAGE_TIME": "[53.56032415615829, 120.37810451827734, 104.35280267385305, 7.8505792785293975, 162.95553155903298, 123.69758638160931, 8.449632613338807, 134.0521261087571, 60.850739199133166, 89.08375578556935, 52.12086508424688, 8.629311330087019, 3.170581316745024, 103.29045341586666, 34.5907834785816, 209.47141720275775, 2.6858186373175577, 130.20667590690144, 49.4247495702314, 7.550202391055347, 63.24443389768559, 64.5475738981295, 51.77802847089137, 7.646193876260952, 125.23156144672758, 13.838605256253986, 66.04190024111128, 118.99356973491759, 89.1260543186814, 248.5181306364861, 69.06538262306731, 71.78843889627741, 81.68831413859412, 134.34782739877974, 80.39365638314999, 4.925649216832781, 72.09068382304544, 3.8784571837353154, 8.092258358326134, 90.39835442199816, 134.46333360180608, 38.01578899487901, 188.8104687609232, 9.764979852896145, 99.19048917658307, 104.00918766749396, 99.88177037653848, 72.66643155962093, 98.86428016474393, 74.11540031987681, 113.99210536495009, 8.921335866049507, 64.86484348864069, 2.0805261642322326, 181.38553630055037, 78.17807619717259, 91.78277037499417, 79.12621025600156, 32.542912919675665, 90.93301953492796, 79.07438138080926, 22.944961375540288, 109.22448529864992, 138.74024160062967, 33.67010372223002, 105.33632066677083, 174.9047518627327, 65.37446095108164, 58.81412684691176, 10.158813212405178, 144.94349176788856, 10.060966370689524, 114.61867802114476, 26.771283799545095, 140.92998662215365, 12.349985376889716, 11.610182673460368, 18.79830801342788, 10.091740160645525, 82.15957993982444, 7.098446559941429, 191.48825324693476, 132.36297436081367, 7.598309162681647, 20.493306289555285, 4.825644521298053, 72.70402875594132, 8.1434055364709, 1.2333320272549924, 143.33403618699685, 85.12366038138242, 149.32787021122599, 51.188342388242106, 115.41992505853378, 121.58785827174205, 50.94231604942393, 160.31571717924678, 42.416389952403655, 56.998425876521644, 125.35673979105725, 7.360775427508555, 5.38525128891692, 6.126624279337961, 157.1430065595518, 10.935190793198469, 104.04826433696745, 43.713961387406655, 69.55911054328347, 164.41376231494203, 183.81825082782444, 104.794962331667, 164.47755378565878, 4.705907580876543, 83.8296873784231, 3.908717780760947, 6.12665332614865, 57.62942569075262, 134.48540774653415, 9.38789998983245, 116.69548153630224, 109.14097550338414, 248.08097219527346, 10.32501023371622, 93.3969840712626, 7.213537332147557, 6.245710792721214, 113.36527925374192, 109.87275682881058, 7.450701581554094, 4.4007379045032184, 7.2441466714902605, 8.161763515600267, 9.219248527188537, 113.07246275399629, 180.94255713747143, 125.77120126716947, 89.22527309420647, 41.74150613899959, 2.527403962978452, 137.14520547206212, 20.272387881042338, 12.885401501922981, 3.4297289166414906, 103.156489291708, 108.08240583893968, 7.5116217005111405, 96.36990358411106, 34.28388671663454, 103.7349391703593, 107.97965398442696, 45.70218632815535, 9.1742316307677, 62.901655243887866, 100.58409029060992, 67.69325588849767, 130.40908132696157, 100.59334839727453, 104.77545652764616, 138.84891240402916, 4.131576629756938, 4.09193593854612, 98.05259275942439, 108.65283877517284, 18.68388823954145, 99.367502174858, 82.51581598412957, 9.295156672712759, 3.3618160818203937, 122.25053071287527, 80.71577913206104, 144.1520376582141, 63.674131547212085, 144.3780490196129, 152.33151082165026, 69.73835109711337, 4.192732447504966, 136.92146545698174, 110.7556164567497, 78.83177322502883, 80.6161540071038, 85.56499287331454, 73.08565643971176, 198.6005355289815, 151.72841606070241, 62.90291638172464, 143.43619458077282, 5.089022524155915, 192.68302578363836, 51.23460654590687, 114.63487014607216, 136.44488062111256, 93.57769168674879, 8.570129679146028, 231.1163661312416, 3.180977462953917, 112.34171537204784, 10.182174684573285, 108.73148821646281, 138.27514431134188, 85.88232577159775]",
    "SLA1_broke": 135,
    "SLA2_broke": 135,
    "SLA3_broke": 135,
    "SLA4_broke": 135
  },
  {
    "BROKER_TYPE": 2,
    "opcije": "[4, 3, 2, 0, True]",
    "READY_COUNT": 10,
    "MAX_AVAILABLE_RESOURCES": 10,
    "CRITICAL_UTILISATION_PERCENT": 0.6,
    "RESOURCE_ADD_NUMBER": 1,
    "avg_utilization": 92.6,
    "avg_wait": 108.0,
    "USAGE_TIME": "[105.92399961202197, 80.81237115885264, 8.437954575615189, 8.348515597425378, 127.57553722350796, 62.65199764006154, 30.961090858471067, 85.87060253473953, 71.78335223741706, 6.275892261813319, 7.058127556703195, 142.09465517421927, 5.122459051798074, 7.60818008858477, 153.41421876114933, 5.573101545122635, 8.17369801358459, 5.317002156336989, 168.17055546981138, 4.4721518036682335, 9.447863957759285, 2.8937508725581575, 53.373695474207196, 70.58590896988913, 94.25742342878495, 127.31194643882463, 21.618876220686474, 21.390744926494406, 51.710869351250814, 49.59457828905105, 117.86466313357609, 67.81930315612352, 165.14667343062712, 151.14519363851267, 108.83263145195063, 73.65145185621925, 2.226540864817198, 219.99792366286945, 9.08349774381883, 4.525443238111884, 5.502529597819267, 122.18571414047176, 26.482347519846474, 61.94253698868849, 81.57094938973046, 194.2850263850567, 13.314454359984095, 104.25316884991052, 134.0861437689801, 15.872289331919267, 37.813343110837955, 133.28501804192072, 5.265865004932261, 25.363009750049834, 128.4881389723506, 64.21971078878508, 8.668420909422137, 114.43095264150313, 13.678869699664995, 9.280442107749531, 122.77790289550556, 85.75433883979329, 91.88901094485475, 5.198357305900634, 247.73099079648645, 14.791481000887673, 6.619637453020388, 7.461074318533145, 123.65387698883532, 84.20578049012542, 5.988478734601549, 4.837843368129906, 29.13379189047259, 65.94877472539743, 131.37595488833253, 4.536038053181069, 131.3867846569845, 84.75698437239366, 109.44831370715995, 135.83757027344177, 7.415681510656557, 6.8433006062659345, 125.07188438501922, 4.730582557818932, 6.139606184501794, 116.9271664077105, 12.617918626011269, 80.07924240689302, 89.92454428176421, 120.0484971818749, 79.37837102611886, 64.24867964380056, 100.86410805207643, 98.45249332823407, 6.593766613678653, 77.48331625495602, 138.8006356605748, 173.2807546376292, 149.5499302162126, 7.844930995401728, 117.36147132127061, 13.994191371716079, 13.548164708728041, 9.737645686745218, 124.64537816154477, 77.52395474517587, 9.531679949987225, 65.8519961469008, 13.462614125855836, 77.49185167467317, 54.58689081354504, 79.7528014762234, 104.56888045574352, 119.74045414288611, 150.82415990165828, 55.07308243626026, 211.60870655378505, 65.92036064499939, 145.30036161564271, 9.672810378550242, 6.763088064839068, 9.316047624869377, 6.856030632308313, 44.902438674339365, 71.71669673191501, 10.206484505411115, 94.08815127927998, 6.881050242877381, 110.89120928170381, 95.54708298383231, 59.342436649512315, 109.05989224032429, 7.3195634180058216, 82.72663727213106, 97.09725911476501, 69.76906277264085, 10.033735308564907, 94.02387135073926, 92.2103818381676, 125.67654122784873, 5.122261008924109, 1.834653711480628, 87.9018680977308, 18.172877225283493, 306.4089477007279, 127.48223390493085, 4.949511538143732, 71.23452150406605, 97.16382509492085, 39.53360730124992, 87.30623004944127, 189.74139570731913, 157.16500088926247, 171.11328747651143, 165.79073733361298, 7.699936198821171, 172.358143010483, 51.20303865774431, 6.305946272606803, 69.03493026907377, 117.20456351814998, 3.5918016898629785, 178.26424364127476, 8.70248155042826, 4.779846149284935, 68.44038919209164, 189.93694811794356, 75.74117247560767, 15.659251556871453, 3.8369802803594215, 24.89660759117227, 8.280070812076527, 4.384767758672339, 54.88004787702293, 127.39973820827666, 7.196553345051049, 7.181224944401955, 74.42375189573067, 8.993582707568013, 7.421754250599715, 7.7500960216249295, 142.50140262881214, 67.0206727348096, 67.86783659347923, 53.579881719672976, 136.68401502687, 18.26163740319183, 189.98189522047358, 78.40330054503353, 139.68519056369377, 84.31049422867554, 10.491448229056255, 81.99617769331793, 157.40530419445676, 124.03587063079765, 69.45285272906006, 10.860717245313204, 55.98065367057631, 7.021804358068179, 10.597204517777362]",
    "SLA1_broke": 122,
    "SLA2_broke": 122,
    "SLA3_broke": 122,
    "SLA4_broke": 121
  },
  {
    "BROKER_TYPE": 3,
    "opcije": "[4, 3, 3, 0, True]",
    "READY_COUNT": 10,
    "MAX_AVAILABLE_RESOURCES": 150,
    "CRITICAL_UTILISATION_PERCENT": 0.6,
    "RESOURCE_ADD_NUMBER": 1,
    "avg_utilization": 94.9,
    "avg_wait": 195.8,
    "USAGE_TIME": "[137.49389546365714, 22.60117221215483, 190.5646718160824, 145.04898051981067, 3.265758016434849, 58.639693942075176, 45.10065965875142, 5.998347930015507, 92.14817628740383, 18.541690228088427, 189.6292908449604, 69.99941143149579, 11.458215270168212, 7.679835042231574, 151.73295456964337, 7.593652460020838, 64.91496552496012, 5.572164762161519, 205.8054807948213, 116.14979467704413, 96.98059284892602, 114.65296374692211, 102.27899846560796, 66.49905781860356, 70.4575094530455, 5.313909889302289, 57.05136308602604, 77.5360742352594, 54.561995030249115, 88.84313890702809, 8.23591481170428, 105.13213925675059, 116.65302306307768, 68.42796159408184, 5.478243530611937, 97.17098186505925, 75.15484160625496, 6.290229939480768, 53.260831828198064, 47.70398175598249, 87.68547248224262, 145.98872288327277, 67.08712387627669, 96.22740991646151, 4.201730419070925, 9.882105367207547, 93.87388991769781, 86.16671664211667, 93.43617154100227, 120.58148779652547, 139.35624772025352, 219.75646569176922, 16.82630335503512, 75.0339492729964, 134.71582120758202, 75.28230343211966, 4.242309973303019, 101.75058033424031, 37.81613631709354, 7.601549329683701, 15.73214677159882, 7.388186106858309, 6.392864231868314, 141.6559398836902, 155.29369127247907, 6.130129749745257, 59.03864849908526, 97.62486114568793, 79.2030787318478, 147.48651159183456, 108.18579525480429, 4.696681217586222, 54.46672414461417, 124.29894990060603, 7.823288535951135, 89.2995596254346, 93.90028822347473, 28.3913075697201, 129.87802448359312, 63.32844964673633, 9.79842459347115, 7.754487722139159, 6.138939143017844, 88.63430455326171, 5.639892807729737, 75.68363990164535, 127.25143881391642, 12.333030189765719, 105.03460052731613, 69.73885418938909, 6.588683140584921, 5.988734533621796, 138.1397350661413, 9.538178876204263, 5.083391689989652, 21.947929865061855, 8.796376226709354, 145.3945142683612, 10.004842623715378, 146.9015895598985, 29.183648916795565, 2.838773056740773, 203.97980590470425, 3.201849589076188, 55.636233747802216, 5.258250763573124, 112.12950274491482, 77.61573240625829, 5.875044704417095, 10.880090980163898, 85.60000187415298, 14.379055313211307, 3.7703725739618186, 200.5041806014348, 75.08519939439729, 51.31170817985183, 37.04812170201972, 10.066960454025391, 67.51967812834752, 111.83515683817765, 189.83259636054046, 70.18472907639986, 54.04279268329591, 59.566441594075826, 51.75890107180138, 8.61723714284721, 16.83790691454873, 94.7340030198965, 56.936318262364026, 2.4703683241747045, 99.82676437653744, 82.02577871631736, 103.54754467729975, 6.509892379720863, 94.20310604447477, 4.263174673258887, 41.34046990346534, 6.677722082134825, 81.02289974533203, 31.55445449796874, 79.26851756055373, 39.689644650388274, 152.9296324372174, 61.17025612745943, 97.61770656633497, 14.812480017794876, 105.57123761209415, 99.30288968139062, 6.170977242931178, 53.147750473523374, 108.48910002182456, 149.75087760942392, 156.77430030382936, 85.69387791179444, 11.43375318381371, 125.58808470873534, 76.68110239383476, 141.45281955838587, 132.808551386064, 62.91903783993545, 83.54299519284645, 186.29269374659367, 170.5632763386347, 128.54775141928093, 10.161764499044637, 115.32221297985454, 161.71203774634526, 193.9798530266246, 96.5772759408427, 11.329418105388033, 103.90688449768629, 147.62360169323728, 9.567595755848508, 123.43272295535559, 111.84105595292772, 3.581600973479288, 173.14348169250596, 54.32616262747875, 3.488735964168126, 114.95460295854733, 147.10355875712824, 71.64494880517492, 8.99835036160755, 6.8590948524233895, 115.99283000004806, 64.67928675984392, 11.37335435760155, 131.10593253683984, 93.882870201996, 11.105758319627476, 66.11037392142435, 5.045469533668184, 5.076613638738089, 53.29195744453923, 252.66618077529247, 161.96928216694505, 2.860880995665375, 81.7118298797265, 6.090722263375726, 24.889253552918444]",
    "SLA1_broke": 104,
    "SLA2_broke": 104,
    "SLA3_broke": 104,
    "SLA4_broke": 104
  },
  {
    "BROKER_TYPE": 3,
    "opcije": "[4, 3, 3, 0, True]",
    "READY_COUNT": 10,
    "MAX_AVAILABLE_RESOURCES": 150,
    "CRITICAL_UTILISATION_PERCENT": 0.6,
    "RESOURCE_ADD_NUMBER": 1,
    "avg_utilization": 82.6,
    "avg_wait": 36.2,
    "USAGE_TIME": "[2.4120273229702764, 4.306007232399172, 93.73142991793677, 112.78143797578915, 46.82698259755613, 20.044377536383866, 24.521022897872744, 4.417963324288777, 75.90872809087881, 90.42393351267827, 9.511418530627475, 6.989260072832896, 5.032152940238261, 12.925770148877342, 88.13319981383955, 123.84480680873264, 116.16579269421023, 0.5511717615280107, 57.880692700797326, 9.21749302629583, 46.34970593977922, 53.01828912359231, 132.37360378061052, 92.31440935600217, 141.79332955696884, 156.84240713960818, 95.5848132724562, 63.764000603192876, 156.3862479138558, 5.623508949255872, 265.18833989128916, 140.80955816086717, 36.809632145191024, 48.66942940712422, 9.356430681700285, 69.03544326847839, 71.02866295142825, 155.72095912641873, 36.54885471046572, 73.95344015138515, 110.8174162764106, 100.22976724839133, 101.486768577781, 86.16900340763269, 53.97809061911938, 19.835367457137046, 80.79843452549648, 66.9485797833761, 73.64325209414596, 5.589282989655639]",
    "SLA1_broke": 18,
    "SLA2_broke": 18,
    "SLA3_broke": 18,
    "SLA4_broke": 18
  },
  {
    "BROKER_TYPE": 3,
    "opcije": "[4, 3, 3, 0, True]",
    "READY_COUNT": 10,
    "MAX_AVAILABLE_RESOURCES": 150,
    "CRITICAL_UTILISATION_PERCENT": 0.6,
    "RESOURCE_ADD_NUMBER": 1,
    "avg_utilization": 84.0,
    "avg_wait": 19.3,
    "USAGE_TIME": "[76.58851483639785, 6.503384105145551, 7.884674496206499, 109.61879768923407, 8.90215374662544, 23.471680808414987, 76.24040468266553, 54.70860339714782, 226.8723590014391, 4.986779393201083, 32.3680937854404, 108.63613744992777, 3.7110165369423145, 207.84656849037367, 3.8563224366472726, 136.56079898549714, 7.318130931885815, 108.88402030485454, 94.55032387144013, 49.385221500564555, 125.41398935748529, 7.130689541511508, 3.8698694350186473, 113.85542273041004, 152.40944548400822, 4.198634902589667, 9.356186664407554, 211.54179910510965, 83.96495035362788, 107.50777207721349, 10.998895567918748, 106.93756760984208, 19.754106433597208, 62.11977469293961, 9.759209659738824, 104.45327976400435, 6.016631292754467, 57.70187193074893, 158.63551434178956, 82.35059879282022, 97.16260037947121, 161.61514707536156, 97.12876966823188, 6.448873283751609, 94.03630383878031, 37.52467654313388, 68.6771395687237, 109.75215575443474, 9.813829061456623, 93.02401039597312]",
    "SLA1_broke": 15,
    "SLA2_broke": 15,
    "SLA3_broke": 15,
    "SLA4_broke": 15
  },
  {
    "BROKER_TYPE": 3,
    "opcije": "[4, 3, 3, 0, True]",
    "READY_COUNT": 10,
    "MAX_AVAILABLE_RESOURCES": 150,
    "CRITICAL_UTILISATION_PERCENT": 0.6,
    "RESOURCE_ADD_NUMBER": 1,
    "avg_utilization": 78.7,
    "avg_wait": 26.2,
    "USAGE_TIME": "[60.14604043655271, 5.951185618750037, 108.341943694885, 3.4905167174860625, 5.545719962596125, 4.289781853450421, 42.85134267428429, 245.01155740670032, 4.021711045062679, 90.09042293673883, 9.60021343976232, 156.96449461666793, 47.66896095261031, 72.07978306905686, 70.77688689360659, 42.10641657337116, 47.943441000972705, 89.483124100185, 49.18187000616597, 71.402333046017, 75.35118733331853, 54.4139593806396, 151.0747673976957, 3.7491367367113946, 82.6117132103086, 159.0222010147679, 5.389685828600307, 145.4677787551198, 11.448151068192221, 116.64265049338823, 72.61518741330433, 3.3330181470239335, 51.29062183861673, 128.731304264881, 109.24568951431546, 100.09371190255699, 114.80659831533444, 7.552310235319035, 65.96494208938776, 109.07132248539222, 26.49129084487915, 134.9322092017035, 96.08601933360075, 59.41310131646, 124.40852567751253, 75.9102947705415, 83.7724048435781, 5.969943519009068, 4.582647836771765, 172.65412900709012]",
    "SLA1_broke": 13,
    "SLA2_broke": 13,
    "SLA3_broke": 13,
    "SLA4_broke": 13
  }
]